# Cloud Worker 2 Results
# VM Size: Standard_B1ms | Test Type: cross_org
# Iterations: 100
# Timestamp: 20260219_184308

TEST_TYPE,WORKER_ID,TRANSACTION_ID,PATIENT_ID,OPERATION,START_TIME,END_TIME,DURATION_NS,STATUS
CROSS_ORG,2,1,CLOUD_PW2_000001,CROSS_ORG,1771526592.752142599,1771526592.933951103,.166342260,SUCCESS
CROSS_ORG,2,2,CLOUD_PW2_000002,CROSS_ORG,1771526592.937410525,1771526593.097827777,.147698204,SUCCESS
CROSS_ORG,2,3,CLOUD_PW2_000003,CROSS_ORG,1771526593.101073291,1771526593.283088303,.168808547,SUCCESS
CROSS_ORG,2,4,CLOUD_PW2_000004,CROSS_ORG,1771526593.285851100,1771526593.441220574,.142808631,SUCCESS
CROSS_ORG,2,5,CLOUD_PW2_000005,CROSS_ORG,1771526593.445845137,1771526593.601958637,.143017938,SUCCESS
CROSS_ORG,2,6,CLOUD_PW2_000006,CROSS_ORG,1771526593.608126254,1771526593.775158538,.150213392,SUCCESS
CROSS_ORG,2,7,CLOUD_PW2_000007,CROSS_ORG,1771526593.778313049,1771526593.934547453,.143100642,SUCCESS
CROSS_ORG,2,8,CLOUD_PW2_000008,CROSS_ORG,1771526593.937217447,1771526594.100102886,.150918517,SUCCESS
CROSS_ORG,2,9,CLOUD_PW2_000009,CROSS_ORG,1771526594.103584708,1771526594.270496488,.153726816,SUCCESS
CROSS_ORG,2,10,CLOUD_PW2_000010,CROSS_ORG,1771526594.274611333,1771526594.428866668,.141691992,SUCCESS
CROSS_ORG,2,11,CLOUD_PW2_000001,CROSS_ORG,1771526594.432369091,1771526594.593530169,.146203551,SUCCESS
CROSS_ORG,2,12,CLOUD_PW2_000002,CROSS_ORG,1771526594.596239264,1771526594.820061049,.210067300,SUCCESS
CROSS_ORG,2,13,CLOUD_PW2_000003,CROSS_ORG,1771526594.823098356,1771526594.977737504,.142216510,SUCCESS
CROSS_ORG,2,14,CLOUD_PW2_000004,CROSS_ORG,1771526594.981678843,1771526595.152893262,.157842051,SUCCESS
CROSS_ORG,2,15,CLOUD_PW2_000005,CROSS_ORG,1771526595.155698660,1771526595.318490862,.149662542,SUCCESS
CROSS_ORG,2,16,CLOUD_PW2_000006,CROSS_ORG,1771526595.322144190,1771526595.477925546,.144795272,SUCCESS
CROSS_ORG,2,17,CLOUD_PW2_000007,CROSS_ORG,1771526595.480204926,1771526595.639522406,.147767375,SUCCESS
CROSS_ORG,2,18,CLOUD_PW2_000008,CROSS_ORG,1771526595.643238336,1771526595.803248041,.146860544,SUCCESS
CROSS_ORG,2,19,CLOUD_PW2_000009,CROSS_ORG,1771526595.806123541,1771526595.964607892,.144578664,SUCCESS
CROSS_ORG,2,20,CLOUD_PW2_000010,CROSS_ORG,1771526595.967840905,1771526596.128280725,.148598805,SUCCESS
CROSS_ORG,2,21,CLOUD_PW2_000001,CROSS_ORG,1771526596.132129860,1771526596.292521777,.147021749,SUCCESS
CROSS_ORG,2,22,CLOUD_PW2_000002,CROSS_ORG,1771526596.295482781,1771526596.453614720,.144623966,SUCCESS
CROSS_ORG,2,23,CLOUD_PW2_000003,CROSS_ORG,1771526596.456602224,1771526596.617670666,.146453130,SUCCESS
CROSS_ORG,2,24,CLOUD_PW2_000004,CROSS_ORG,1771526596.620867778,1771526596.779041418,.142670197,SUCCESS
CROSS_ORG,2,25,CLOUD_PW2_000005,CROSS_ORG,1771526596.782701446,1771526596.935202587,.141248848,SUCCESS
CROSS_ORG,2,26,CLOUD_PW2_000006,CROSS_ORG,1771526596.938887316,1771526597.100991294,.148596505,SUCCESS
CROSS_ORG,2,27,CLOUD_PW2_000007,CROSS_ORG,1771526597.104015000,1771526597.262654756,.145731904,SUCCESS
CROSS_ORG,2,28,CLOUD_PW2_000008,CROSS_ORG,1771526597.266738899,1771526597.427292323,.147557868,SUCCESS
CROSS_ORG,2,29,CLOUD_PW2_000009,CROSS_ORG,1771526597.431193959,1771526597.591327468,.148290594,SUCCESS
CROSS_ORG,2,30,CLOUD_PW2_000010,CROSS_ORG,1771526597.595002197,1771526597.754066168,.145395092,SUCCESS
CROSS_ORG,2,31,CLOUD_PW2_000001,CROSS_ORG,1771526597.758162711,1771526597.912030200,.142764201,SUCCESS
CROSS_ORG,2,32,CLOUD_PW2_000002,CROSS_ORG,1771526597.915407519,1771526598.071071771,.142635796,SUCCESS
CROSS_ORG,2,33,CLOUD_PW2_000003,CROSS_ORG,1771526598.073979473,1771526598.231928605,.144984178,SUCCESS
CROSS_ORG,2,34,CLOUD_PW2_000004,CROSS_ORG,1771526598.235170918,1771526598.395245925,.147531067,SUCCESS
CROSS_ORG,2,35,CLOUD_PW2_000005,CROSS_ORG,1771526598.398666345,1771526598.559312671,.147810577,SUCCESS
CROSS_ORG,2,36,CLOUD_PW2_000006,CROSS_ORG,1771526598.562547585,1771526598.720844829,.145103082,SUCCESS
CROSS_ORG,2,37,CLOUD_PW2_000007,CROSS_ORG,1771526598.724112143,1771526598.879223176,.142533393,SUCCESS
CROSS_ORG,2,38,CLOUD_PW2_000008,CROSS_ORG,1771526598.882915906,1771526599.042538696,.146750140,SUCCESS
CROSS_ORG,2,39,CLOUD_PW2_000009,CROSS_ORG,1771526599.045689007,1771526599.205188693,.146539233,SUCCESS
CROSS_ORG,2,40,CLOUD_PW2_000010,CROSS_ORG,1771526599.209484244,1771526599.372968570,.150051156,SUCCESS
CROSS_ORG,2,41,CLOUD_PW2_000001,CROSS_ORG,1771526599.376155981,1771526599.534096713,.144570363,SUCCESS
CROSS_ORG,2,42,CLOUD_PW2_000002,CROSS_ORG,1771526599.537085518,1771526599.696826313,.146417528,SUCCESS
CROSS_ORG,2,43,CLOUD_PW2_000003,CROSS_ORG,1771526599.699900020,1771526599.856188794,.143506726,SUCCESS
CROSS_ORG,2,44,CLOUD_PW2_000004,CROSS_ORG,1771526599.859970827,1771526600.014248430,.141904770,SUCCESS
CROSS_ORG,2,45,CLOUD_PW2_000005,CROSS_ORG,1771526600.017472843,1771526600.189426666,.159474386,SUCCESS
CROSS_ORG,2,46,CLOUD_PW2_000006,CROSS_ORG,1771526600.193395705,1771526600.351840554,.145086782,SUCCESS
CROSS_ORG,2,47,CLOUD_PW2_000007,CROSS_ORG,1771526600.354979964,1771526600.522100918,.153962793,SUCCESS
CROSS_ORG,2,48,CLOUD_PW2_000008,CROSS_ORG,1771526600.525018420,1771526600.688805857,.149427834,SUCCESS
CROSS_ORG,2,49,CLOUD_PW2_000009,CROSS_ORG,1771526600.692027669,1771526600.849157373,.144863374,SUCCESS
CROSS_ORG,2,50,CLOUD_PW2_000010,CROSS_ORG,1771526600.852602094,1771526601.012668300,.145862109,SUCCESS
CROSS_ORG,2,51,CLOUD_PW2_000001,CROSS_ORG,1771526601.016656539,1771526601.185026537,.156057565,SUCCESS
CROSS_ORG,2,52,CLOUD_PW2_000002,CROSS_ORG,1771526601.188265050,1771526601.343389883,.143225817,SUCCESS
CROSS_ORG,2,53,CLOUD_PW2_000003,CROSS_ORG,1771526601.347117814,1771526601.505362556,.145531397,SUCCESS
CROSS_ORG,2,54,CLOUD_PW2_000004,CROSS_ORG,1771526601.508768076,1771526601.672229801,.150717479,SUCCESS
CROSS_ORG,2,55,CLOUD_PW2_000005,CROSS_ORG,1771526601.675030899,1771526601.836744963,.147409863,SUCCESS
CROSS_ORG,2,56,CLOUD_PW2_000006,CROSS_ORG,1771526601.839781469,1771526601.993890567,.141248748,SUCCESS
CROSS_ORG,2,57,CLOUD_PW2_000007,CROSS_ORG,1771526601.997074678,1771526602.167612652,.158681858,SUCCESS
CROSS_ORG,2,58,CLOUD_PW2_000008,CROSS_ORG,1771526602.171247479,1771526602.327971368,.143216116,SUCCESS
CROSS_ORG,2,59,CLOUD_PW2_000009,CROSS_ORG,1771526602.330371652,1771526602.491554498,.147686973,SUCCESS
CROSS_ORG,2,60,CLOUD_PW2_000010,CROSS_ORG,1771526602.494810212,1771526602.657396406,.150220161,SUCCESS
CROSS_ORG,2,61,CLOUD_PW2_000001,CROSS_ORG,1771526602.660873228,1771526602.825660000,.151061891,SUCCESS
CROSS_ORG,2,62,CLOUD_PW2_000002,CROSS_ORG,1771526602.828812710,1771526602.987416665,.145143984,SUCCESS
CROSS_ORG,2,63,CLOUD_PW2_000003,CROSS_ORG,1771526602.991735616,1771526603.154727742,.145568168,SUCCESS
CROSS_ORG,2,64,CLOUD_PW2_000004,CROSS_ORG,1771526603.160403513,1771526603.374257257,.195389961,SUCCESS
CROSS_ORG,2,65,CLOUD_PW2_000005,CROSS_ORG,1771526603.377308233,1771526603.537061570,.145134280,SUCCESS
CROSS_ORG,2,66,CLOUD_PW2_000006,CROSS_ORG,1771526603.540556230,1771526603.702198124,.148539122,SUCCESS
CROSS_ORG,2,67,CLOUD_PW2_000007,CROSS_ORG,1771526603.706152170,1771526603.876602226,.158131632,SUCCESS
CROSS_ORG,2,68,CLOUD_PW2_000008,CROSS_ORG,1771526603.880417045,1771526604.050258486,.158122531,SUCCESS
CROSS_ORG,2,69,CLOUD_PW2_000009,CROSS_ORG,1771526604.053589715,1771526604.212023266,.145333290,SUCCESS
CROSS_ORG,2,70,CLOUD_PW2_000010,CROSS_ORG,1771526604.215572891,1771526604.373631947,.144919395,SUCCESS
CROSS_ORG,2,71,CLOUD_PW2_000001,CROSS_ORG,1771526604.376659353,1771526604.538849455,.148686827,SUCCESS
CROSS_ORG,2,72,CLOUD_PW2_000002,CROSS_ORG,1771526604.541570551,1771526604.702124295,.146781660,SUCCESS
CROSS_ORG,2,73,CLOUD_PW2_000003,CROSS_ORG,1771526604.705288406,1771526604.864343498,.146692657,SUCCESS
CROSS_ORG,2,74,CLOUD_PW2_000004,CROSS_ORG,1771526604.868491643,1771526605.031383470,.149643861,SUCCESS
CROSS_ORG,2,75,CLOUD_PW2_000005,CROSS_ORG,1771526605.034076164,1771526605.197021192,.149471754,SUCCESS
CROSS_ORG,2,76,CLOUD_PW2_000006,CROSS_ORG,1771526605.200613819,1771526605.362579813,.147239276,SUCCESS
CROSS_ORG,2,77,CLOUD_PW2_000007,CROSS_ORG,1771526605.365562417,1771526605.528579948,.148530821,SUCCESS
CROSS_ORG,2,78,CLOUD_PW2_000008,CROSS_ORG,1771526605.531424848,1771526605.691327569,.148015603,SUCCESS
CROSS_ORG,2,79,CLOUD_PW2_000009,CROSS_ORG,1771526605.694596184,1771526605.864859870,.157923052,SUCCESS
CROSS_ORG,2,80,CLOUD_PW2_000010,CROSS_ORG,1771526605.869235124,1771526606.033070583,.150765400,SUCCESS
CROSS_ORG,2,81,CLOUD_PW2_000001,CROSS_ORG,1771526606.036564206,1771526606.194629863,.145463714,SUCCESS
CROSS_ORG,2,82,CLOUD_PW2_000002,CROSS_ORG,1771526606.198420196,1771526606.358116010,.147213975,SUCCESS
CROSS_ORG,2,83,CLOUD_PW2_000003,CROSS_ORG,1771526606.361331023,1771526606.521372649,.146873563,SUCCESS
CROSS_ORG,2,84,CLOUD_PW2_000004,CROSS_ORG,1771526606.524254150,1771526606.686732962,.150032374,SUCCESS
CROSS_ORG,2,85,CLOUD_PW2_000005,CROSS_ORG,1771526606.689910974,1771526606.865114433,.161923193,SUCCESS
CROSS_ORG,2,86,CLOUD_PW2_000006,CROSS_ORG,1771526606.867906631,1771526607.040035182,.156261994,SUCCESS
CROSS_ORG,2,87,CLOUD_PW2_000007,CROSS_ORG,1771526607.043475603,1771526607.208564406,.152061046,SUCCESS
CROSS_ORG,2,88,CLOUD_PW2_000008,CROSS_ORG,1771526607.210348869,1771526607.382750830,.158630477,SUCCESS
CROSS_ORG,2,89,CLOUD_PW2_000009,CROSS_ORG,1771526607.385559429,1771526607.549045676,.149373851,SUCCESS
CROSS_ORG,2,90,CLOUD_PW2_000010,CROSS_ORG,1771526607.551855375,1771526607.712725530,.147869198,SUCCESS
CROSS_ORG,2,91,CLOUD_PW2_000001,CROSS_ORG,1771526607.715998845,1771526607.878543659,.149863368,SUCCESS
CROSS_ORG,2,92,CLOUD_PW2_000002,CROSS_ORG,1771526607.881165451,1771526608.040611056,.145972131,SUCCESS
CROSS_ORG,2,93,CLOUD_PW2_000003,CROSS_ORG,1771526608.044009076,1771526608.198097793,.142352404,SUCCESS
CROSS_ORG,2,94,CLOUD_PW2_000004,CROSS_ORG,1771526608.201547714,1771526608.361941952,.147684692,SUCCESS
CROSS_ORG,2,95,CLOUD_PW2_000005,CROSS_ORG,1771526608.365575280,1771526608.520694733,.141089460,SUCCESS
CROSS_ORG,2,96,CLOUD_PW2_000006,CROSS_ORG,1771526608.523916946,1771526608.682871234,.145181004,SUCCESS
CROSS_ORG,2,97,CLOUD_PW2_000007,CROSS_ORG,1771526608.686077547,1771526608.848475556,.148180709,SUCCESS
CROSS_ORG,2,98,CLOUD_PW2_000008,CROSS_ORG,1771526608.850414124,1771526609.010195041,.145606819,SUCCESS
CROSS_ORG,2,99,CLOUD_PW2_000009,CROSS_ORG,1771526609.013909372,1771526609.173635087,.145983832,SUCCESS
CROSS_ORG,2,100,CLOUD_PW2_000010,CROSS_ORG,1771526609.176832599,1771526609.335531678,.143807456,SUCCESS
# Cloud Worker 2 Summary
# VM: Standard_B1ms (1 vCPU, 2 GB RAM)
# Total Time: 20.828483230s
# Successful: 100/100 (100.00%)
# Failed: 0
# Average TPS: 4.80
